193
168
25
77
78
17
204
182
87
29
147
240
212
92
8
137
3
85
47
102
82
73
154
89
19
91
159
7
2
88
198
215
244
229
196
257
203
136
109
151
146
16
139
228
170
50
45
176
100
263
28
259
252
14
18
261
166
150
202
243
165
81
258
122
41
189
201
180
177
94
116
51
117
186
152
123
40
106
107
260
131
115
230
231
68
114
26
255
248
183
15
121
105
144
97
124
46
130
264
66
213
250
210
36
62
111
211
246
224
95
80
194
190
219
247
158
256
65
86
71
84
38
184
236
162
129
64
21
67
178
172
48
148
33
235
98
192
222
254
218
118
133
221
141
9
5
34
125
209
90
20
74
76
49
208
179
53
72
58
199
75
70
138
220
11
135
54
128
195
69
143
59
61
83
265
191
200
12
174
6
134
225
108
214
157
56
206
96
99
233
24
63
1
185
156
142
160
253
30
145
140
205
32
22
127
249
55
101
197
173
60
164
37
237
262
93
171
169
245
79
113
234
239
35
167
181
112
188
217
31
251
23
187
126
227
223
52
42
232
13
39
238
44
241
120
242
226
43
163
161
216
149
57
207
175
132
27
119
153
10
4
155