186
135
263
203
193
224
62
239
207
50
82
87
140
249
54
70
83
209
35
52
229
131
188
27
30
17
264
98
248
42
68
76
226
72
173
150
60
107
144
165
216
33
130
102
178
46
105
141
235
180
199
75
79
227
67
127
204
4
117
99
74
100
26
108
3
240
44
14
145
170
212
236
237
16
91
20
255
94
51
179
93
136
63
36
120
252
245
24
146
148
181
121
153
253
184
129
138
225
47
123
84
218
219
210
88
137
92
262
160
192
174
58
5
90
161
234
55
9
261
29
57
41
132
166
232
177
69
256
164
168
25
190
31
34
15
215
86
194
171
7
133
238
18
81
175
202
73
241
78
101
176
169
246
77
223
228
183
250
113
39
257
259
142
167
114
32
45
254
28
56
260
247
230
231
233
182
156
106
201
8
125
151
155
163
71
211
134
10
206
109
172
66
143
85
38
11
214
65
217
147
157
12
40
196
265
19
53
258
221
6
43
96
2
95
124
59
61
189
80
49
205
112
191
185
152
244
200
213
220
115
111
13
119
222
208
149
195
1
64
23
116
198
37
242
48
97
126
159
197
89
22
21
158
162
122
139
154
243
118
187
128
251